construction d'un csp avec : N = 16, D = 8 m  = 48, R = 6 Densite = 0.400000 et durete = 0.900000


Domaine : 
 1  1  1  1  1  1  1  1 
 1  1  1  1  1  1  1  1 
 1  1  1  1  1  1  1  1 
 1  1  1  1  1  1  1  1 
 1  1  1  1  1  1  1  1 
 1  1  1  1  1  1  1  1 
 1  1  1  1  1  1  1  1 
 1  1  1  1  1  1  1  1 
 1  1  1  1  1  1  1  1 
 1  1  1  1  1  1  1  1 
 1  1  1  1  1  1  1  1 
 1  1  1  1  1  1  1  1 
 1  1  1  1  1  1  1  1 
 1  1  1  1  1  1  1  1 
 1  1  1  1  1  1  1  1 
 1  1  1  1  1  1  1  1 

relations : 
0 et 5
 1  0  0  0  0  0  0  0 
 0  0  0  1  0  0  1  0 
 0  0  0  0  0  0  0  0 
 0  0  0  0  1  0  0  0 
 0  0  0  0  0  0  0  0 
 0  0  0  0  0  0  0  0 
 0  0  1  0  0  0  0  0 
 0  0  0  0  1  0  0  0 
0 et 9
 0  1  1  0  0  0  0  0 
 0  0  0  0  1  0  0  0 
 0  0  0  0  0  0  0  0 
 0  0  0  0  0  0  0  1 
 0  0  0  0  0  0  0  0 
 0  0  0  0  0  0  1  0 
 0  0  0  0  0  0  0  0 
 0  0  0  0  0  0  0  1 
0 et 11
 0  0  0  0  0  0  0  0 
 0  0  0  0  0  0  0  1 
 0  1  0  0  0  0  0  0 
 0  0  0  0  0  0  0  0 
 0  0  0  0  1  0  0  0 
 0  0  0  0  0  0  0  0 
 0  0  0  0  0  0  0  0 
 1  0  0  0  1  0  0  1 
0 et 14
 0  0  0  1  0  0  0  0 
 0  0  0  0  0  0  0  1 
 0  0  1  0  0  0  0  0 
 0  0  0  0  0  0  0  0 
 0  1  0  0  0  0  0  0 
 0  1  0  0  0  0  0  0 
 0  0  0  0  0  0  0  0 
 0  0  1  0  0  0  0  0 
1 et 3
 0  0  1  0  0  0  0  0 
 0  0  0  1  0  0  0  0 
 1  0  1  0  0  0  0  0 
 0  0  0  0  0  0  0  0 
 0  0  0  0  0  0  0  0 
 0  0  0  1  0  0  0  0 
 0  0  0  0  0  1  0  0 
 0  0  0  0  0  0  0  0 
1 et 4
 0  0  0  0  0  0  1  0 
 0  0  1  0  0  0  0  0 
 0  0  0  0  0  0  0  0 
 0  0  0  0  0  0  0  0 
 1  1  0  0  0  0  1  0 
 0  0  0  0  0  0  1  0 
 0  0  0  0  0  0  0  0 
 0  0  0  0  0  0  0  0 
1 et 5
 0  1  0  0  0  0  0  0 
 0  0  0  0  0  0  0  0 
 0  1  0  0  0  0  0  0 
 0  0  1  0  1  0  0  0 
 0  0  0  0  0  0  1  0 
 0  0  0  0  0  0  0  0 
 0  0  0  0  0  0  0  0 
 0  1  0  0  0  0  0  0 
1 et 6
 0  1  1  0  0  0  0  0 
 0  0  0  0  0  0  0  0 
 0  1  1  0  0  0  0  0 
 0  0  0  0  0  0  0  0 
 0  0  0  1  0  0  0  0 
 0  0  0  0  0  0  1  0 
 0  0  0  0  0  0  0  0 
 0  0  0  0  0  0  0  0 
1 et 8
 0  1  0  0  0  0  0  0 
 0  0  1  0  1  0  0  0 
 0  0  0  0  0  0  0  0 
 0  1  0  0  0  0  0  0 
 0  0  0  0  0  0  0  1 
 0  0  0  0  0  0  0  0 
 0  0  0  0  0  0  0  0 
 1  0  0  0  0  0  0  0 
1 et 10
 0  0  0  0  0  0  0  0 
 1  1  0  0  0  0  0  0 
 0  0  1  0  0  0  0  1 
 0  0  0  0  0  0  0  0 
 0  0  0  0  0  0  0  0 
 0  0  1  0  0  0  0  0 
 0  0  0  0  0  0  0  0 
 0  0  0  0  0  1  0  0 
1 et 11
 0  0  1  0  0  1  0  0 
 0  0  0  0  0  0  0  0 
 0  0  0  0  0  0  0  0 
 0  0  0  0  0  0  0  0 
 0  0  0  0  0  0  0  0 
 0  1  1  0  0  0  0  0 
 0  0  0  0  0  0  0  1 
 0  0  0  0  1  0  0  0 
1 et 12
 0  0  0  0  0  0  0  0 
 0  0  0  1  0  0  0  1 
 0  0  0  0  0  0  0  0 
 0  0  0  0  0  0  0  0 
 0  0  0  1  0  0  0  0 
 0  0  0  1  0  0  0  0 
 0  1  0  0  0  0  0  0 
 0  0  0  0  1  0  0  0 
1 et 13
 0  1  0  0  0  0  1  0 
 0  0  0  0  1  0  0  0 
 0  0  0  0  0  0  0  0 
 1  0  0  0  0  0  0  0 
 0  0  0  0  0  0  0  0 
 0  0  0  0  0  1  0  0 
 0  0  0  0  0  1  0  0 
 0  0  0  0  0  0  0  0 
1 et 15
 0  0  0  0  0  0  0  1 
 0  0  0  0  0  0  0  1 
 0  0  0  0  0  0  0  0 
 1  1  0  0  0  0  0  0 
 0  0  0  0  0  0  0  0 
 0  0  0  0  0  0  0  0 
 0  1  0  0  0  0  0  0 
 0  0  0  0  0  0  0  1 
2 et 7
 0  0  1  0  0  0  0  0 
 0  0  0  0  0  0  0  0 
 0  0  0  0  0  0  0  0 
 0  0  0  1  0  1  0  0 
 0  0  0  0  0  1  0  0 
 0  0  0  0  0  0  0  0 
 0  0  0  0  0  0  0  0 
 0  0  0  1  1  0  0  0 
2 et 11
 0  0  0  0  0  0  0  0 
 0  0  0  0  0  0  0  0 
 0  0  0  0  0  0  1  0 
 1  0  0  0  0  0  0  0 
 0  0  0  0  0  0  1  0 
 1  0  0  0  0  0  0  0 
 0  0  0  0  0  0  0  0 
 1  0  0  0  0  0  1  0 
2 et 14
 0  0  0  0  0  0  0  0 
 0  0  0  0  0  0  1  0 
 0  1  0  1  0  0  0  0 
 0  0  0  0  1  0  0  0 
 0  0  0  0  0  0  0  0 
 0  0  0  0  0  0  0  0 
 0  0  1  0  0  0  0  0 
 0  0  0  0  0  1  0  0 
3 et 1
 0  0  1  0  0  0  0  0 
 0  0  0  0  0  0  0  0 
 1  0  1  0  0  0  0  0 
 0  1  0  0  0  1  0  0 
 0  0  0  0  0  0  0  0 
 0  0  0  0  0  0  1  0 
 0  0  0  0  0  0  0  0 
 0  0  0  0  0  0  0  0 
3 et 5
 1  0  0  0  0  0  0  0 
 0  0  0  0  0  0  0  0 
 0  0  0  0  1  0  0  0 
 0  0  0  0  0  0  0  0 
 0  0  0  0  0  0  0  1 
 0  0  0  1  0  0  0  0 
 0  0  0  0  1  0  0  1 
 0  0  0  0  0  0  0  0 
3 et 9
 1  0  0  1  0  1  0  0 
 0  0  0  0  0  0  0  1 
 0  0  0  1  0  0  0  0 
 0  0  0  0  0  0  0  0 
 0  0  0  0  1  0  0  0 
 0  0  0  0  0  0  0  0 
 0  0  0  0  0  0  0  0 
 0  0  0  0  0  0  0  0 
3 et 10
 0  0  1  0  1  0  0  0 
 0  0  0  0  0  0  0  0 
 0  0  0  0  0  0  0  0 
 0  0  1  0  0  0  0  0 
 0  0  0  0  1  0  0  0 
 0  0  0  0  0  0  0  0 
 0  0  0  0  0  0  0  0 
 0  1  0  0  0  0  1  0 
3 et 11
 0  0  0  0  0  0  1  0 
 0  0  0  0  0  0  0  0 
 0  0  0  0  0  0  0  0 
 0  0  0  0  1  0  0  0 
 0  0  0  0  0  0  0  1 
 0  0  0  0  0  0  0  0 
 1  1  0  0  0  1  0  0 
 0  0  0  0  0  0  0  0 
3 et 14
 0  0  0  0  0  0  0  0 
 1  0  0  0  0  0  0  0 
 1  0  0  0  0  1  0  0 
 0  0  0  0  0  0  0  0 
 0  0  0  0  0  0  0  0 
 0  0  0  0  0  0  0  1 
 0  0  0  0  1  0  0  0 
 0  0  0  0  1  0  0  0 
4 et 1
 0  0  0  0  1  0  0  0 
 0  0  0  0  1  0  0  0 
 0  1  0  0  0  0  0  0 
 0  0  0  0  0  0  0  0 
 0  0  0  0  0  0  0  0 
 0  0  0  0  0  0  0  0 
 1  0  0  0  1  1  0  0 
 0  0  0  0  0  0  0  0 
4 et 5
 0  1  0  0  0  1  0  0 
 0  0  0  0  0  0  0  0 
 0  0  0  0  0  0  0  0 
 0  0  0  0  0  0  0  0 
 0  0  0  0  0  0  0  1 
 0  0  0  0  0  0  0  0 
 0  1  1  1  0  0  0  0 
 0  0  0  0  0  0  0  0 
4 et 6
 0  0  0  0  0  1  0  0 
 0  0  0  0  0  0  0  0 
 0  0  0  0  0  0  1  0 
 1  1  0  0  0  0  0  0 
 0  0  0  0  0  0  0  0 
 0  0  0  0  0  0  0  0 
 0  0  0  0  0  0  0  1 
 0  0  0  0  0  1  0  0 
4 et 7
 0  0  0  0  0  0  0  0 
 0  0  1  0  0  0  0  0 
 0  0  0  0  0  0  0  0 
 0  0  0  0  0  0  0  0 
 0  0  0  0  0  0  0  0 
 1  0  0  0  1  0  0  0 
 1  0  1  0  0  1  0  0 
 0  0  0  0  0  0  0  0 
5 et 0
 1  0  0  0  0  0  0  0 
 0  0  0  0  0  0  0  0 
 0  0  0  0  0  0  1  0 
 0  1  0  0  0  0  0  0 
 0  0  0  1  0  0  0  1 
 0  0  0  0  0  0  0  0 
 0  1  0  0  0  0  0  0 
 0  0  0  0  0  0  0  0 
5 et 1
 0  0  0  0  0  0  0  0 
 1  0  1  0  0  0  0  1 
 0  0  0  1  0  0  0  0 
 0  0  0  0  0  0  0  0 
 0  0  0  1  0  0  0  0 
 0  0  0  0  0  0  0  0 
 0  0  0  0  1  0  0  0 
 0  0  0  0  0  0  0  0 
5 et 3
 1  0  0  0  0  0  0  0 
 0  0  0  0  0  0  0  0 
 0  0  0  0  0  0  0  0 
 0  0  0  0  0  1  0  0 
 0  0  1  0  0  0  1  0 
 0  0  0  0  0  0  0  0 
 0  0  0  0  0  0  0  0 
 0  0  0  0  1  0  1  0 
5 et 4
 0  0  0  0  0  0  0  0 
 1  0  0  0  0  0  1  0 
 0  0  0  0  0  0  1  0 
 0  0  0  0  0  0  1  0 
 0  0  0  0  0  0  0  0 
 1  0  0  0  0  0  0  0 
 0  0  0  0  0  0  0  0 
 0  0  0  0  1  0  0  0 
5 et 6
 0  0  0  0  0  0  0  0 
 1  0  0  0  0  0  0  0 
 0  0  0  0  0  1  0  0 
 0  0  0  0  1  0  0  0 
 0  0  0  0  1  0  0  1 
 0  0  0  0  0  0  1  0 
 0  0  0  0  0  0  0  0 
 0  0  0  0  0  0  0  0 
5 et 10
 0  0  0  1  0  0  0  0 
 0  0  0  0  0  0  0  0 
 0  0  0  0  0  0  0  0 
 0  0  0  0  0  0  1  0 
 0  0  0  0  0  0  0  0 
 0  0  0  1  1  0  0  0 
 0  0  0  1  0  1  0  0 
 0  0  0  0  0  0  0  0 
5 et 13
 0  0  0  0  0  0  0  0 
 0  0  0  0  0  0  0  0 
 0  1  1  0  0  0  0  0 
 0  0  0  0  0  0  0  0 
 0  0  0  0  1  0  0  0 
 0  0  0  1  0  0  0  0 
 0  0  0  1  0  0  0  0 
 0  0  0  0  1  0  0  0 
5 et 14
 0  0  1  0  0  0  0  0 
 0  0  0  0  1  1  0  0 
 0  0  0  0  0  0  0  0 
 0  0  0  0  0  0  0  0 
 0  0  0  0  0  0  0  0 
 0  0  1  0  0  0  0  0 
 0  0  0  0  0  0  0  0 
 0  0  1  0  0  0  1  0 
5 et 15
 0  1  0  0  0  0  0  0 
 0  0  0  0  0  0  0  0 
 0  0  0  1  0  0  0  0 
 0  0  0  0  1  0  0  0 
 0  0  0  0  0  0  1  0 
 0  1  0  0  0  0  0  0 
 0  0  0  0  0  0  0  0 
 0  0  0  0  0  1  0  0 
6 et 1
 0  0  0  0  0  0  0  0 
 1  0  1  0  0  0  0  0 
 1  0  1  0  0  0  0  0 
 0  0  0  0  1  0  0  0 
 0  0  0  0  0  0  0  0 
 0  0  0  0  0  0  0  0 
 0  0  0  0  0  1  0  0 
 0  0  0  0  0  0  0  0 
6 et 4
 0  0  0  1  0  0  0  0 
 0  0  0  1  0  0  0  0 
 0  0  0  0  0  0  0  0 
 0  0  0  0  0  0  0  0 
 0  0  0  0  0  0  0  0 
 1  0  0  0  0  0  0  1 
 0  0  1  0  0  0  0  0 
 0  0  0  0  0  0  1  0 
6 et 5
 0  1  0  0  0  0  0  0 
 0  0  0  0  0  0  0  0 
 0  0  0  0  0  0  0  0 
 0  0  0  0  0  0  0  0 
 0  0  0  1  1  0  0  0 
 0  0  1  0  0  0  0  0 
 0  0  0  0  0  1  0  0 
 0  0  0  0  1  0  0  0 
6 et 8
 0  0  0  1  0  0  0  1 
 0  0  1  0  0  0  0  0 
 0  0  0  0  0  0  0  0 
 0  0  0  0  0  0  1  0 
 0  0  0  1  0  1  0  0 
 0  0  0  0  0  0  0  0 
 0  0  0  0  0  0  0  0 
 0  0  0  0  0  0  0  0 
6 et 13
 0  0  0  0  1  0  1  0 
 0  0  0  0  0  0  0  0 
 1  0  0  0  0  0  0  0 
 0  0  0  0  0  0  0  0 
 0  0  0  0  0  0  0  0 
 0  0  0  1  0  0  0  0 
 0  0  0  0  0  1  0  1 
 0  0  0  0  0  0  0  0 
6 et 14
 1  0  0  1  1  0  0  0 
 0  0  0  0  0  0  0  0 
 0  0  0  0  0  0  0  0 
 0  0  0  0  0  0  0  0 
 0  0  0  0  0  0  0  0 
 1  0  0  0  0  0  0  0 
 0  0  1  0  0  0  0  0 
 0  0  0  1  0  0  0  0 
6 et 15
 0  1  0  0  0  0  0  0 
 0  1  0  0  0  0  0  0 
 0  0  0  0  0  0  0  0 
 0  0  0  0  0  0  0  0 
 0  0  0  0  0  0  0  0 
 0  0  0  0  0  0  1  0 
 0  1  0  0  0  0  0  0 
 1  0  0  0  0  1  0  0 
7 et 2
 0  0  0  0  0  0  0  0 
 0  0  0  0  0  0  0  0 
 1  0  0  0  0  0  0  0 
 0  0  0  1  0  0  0  1 
 0  0  0  0  0  0  0  1 
 0  0  0  1  1  0  0  0 
 0  0  0  0  0  0  0  0 
 0  0  0  0  0  0  0  0 
7 et 4
 0  0  0  0  0  1  1  0 
 0  0  0  0  0  0  0  0 
 0  1  0  0  0  0  1  0 
 0  0  0  0  0  0  0  0 
 0  0  0  0  0  1  0  0 
 0  0  0  0  0  0  1  0 
 0  0  0  0  0  0  0  0 
 0  0  0  0  0  0  0  0 
7 et 11
 0  0  0  0  0  0  0  0 
 0  0  0  0  0  0  0  0 
 0  0  0  0  0  1  0  0 
 0  1  0  0  0  0  0  0 
 0  0  0  0  0  0  1  0 
 0  0  0  1  0  0  0  0 
 0  0  1  0  0  0  0  0 
 1  0  0  0  0  0  0  0 
7 et 13
 0  0  0  1  0  0  0  0 
 1  0  0  0  0  1  0  0 
 0  0  1  0  0  0  0  0 
 0  0  0  0  0  0  1  0 
 0  0  0  0  0  0  0  0 
 0  0  0  0  0  0  0  0 
 0  0  0  0  0  0  0  0 
 0  0  0  0  0  0  0  1 
8 et 1
 0  0  0  0  0  0  0  1 
 1  0  0  1  0  0  0  0 
 0  1  0  0  0  0  0  0 
 0  0  0  0  0  0  0  0 
 0  1  0  0  0  0  0  0 
 0  0  0  0  0  0  0  0 
 0  0  0  0  0  0  0  0 
 0  0  0  0  1  0  0  0 
8 et 6
 0  0  0  0  0  0  0  0 
 0  0  0  0  0  0  0  0 
 0  1  0  0  0  0  0  0 
 1  0  0  0  1  0  0  0 
 0  0  0  0  0  0  0  0 
 0  0  0  0  1  0  0  0 
 0  0  0  1  0  0  0  0 
 1  0  0  0  0  0  0  0 
8 et 12
 0  0  0  0  0  0  0  0 
 0  0  0  0  0  0  0  0 
 0  0  0  0  0  0  0  1 
 0  0  0  0  1  0  1  0 
 0  0  0  0  0  0  0  0 
 0  0  0  0  0  0  0  0 
 0  1  1  0  0  0  0  0 
 0  0  0  0  1  0  0  0 
8 et 15
 0  0  0  0  0  0  0  0 
 0  0  0  0  0  0  0  0 
 1  0  0  0  0  0  1  0 
 0  1  0  0  0  0  0  0 
 0  0  1  0  0  0  0  0 
 0  0  0  0  1  0  0  0 
 0  0  0  0  0  0  1  0 
 0  0  0  0  0  0  0  0 
9 et 0
 0  0  0  0  0  0  0  0 
 1  0  0  0  0  0  0  0 
 1  0  0  0  0  0  0  0 
 0  0  0  0  0  0  0  0 
 0  1  0  0  0  0  0  0 
 0  0  0  0  0  0  0  0 
 0  0  0  0  0  1  0  0 
 0  0  0  1  0  0  0  1 
9 et 3
 1  0  0  0  0  0  0  0 
 0  0  0  0  0  0  0  0 
 0  0  0  0  0  0  0  0 
 1  0  1  0  0  0  0  0 
 0  0  0  0  1  0  0  0 
 1  0  0  0  0  0  0  0 
 0  0  0  0  0  0  0  0 
 0  1  0  0  0  0  0  0 
9 et 11
 0  0  1  0  0  0  0  0 
 0  0  0  0  0  1  1  0 
 0  0  0  1  0  0  0  0 
 0  0  0  0  0  0  0  0 
 0  0  0  0  0  0  0  0 
 0  0  0  1  0  0  0  0 
 0  1  0  0  0  0  0  0 
 0  0  0  0  0  0  0  0 
9 et 12
 0  0  0  1  1  0  0  0 
 0  0  0  0  0  0  0  0 
 0  0  0  0  0  0  0  0 
 0  0  0  0  1  0  0  0 
 0  0  0  1  0  0  0  1 
 0  0  0  0  0  0  0  0 
 0  0  0  0  0  0  0  0 
 0  0  0  0  0  1  0  0 
9 et 14
 1  0  0  0  0  0  0  0 
 0  0  0  0  0  0  0  0 
 0  0  0  0  0  0  0  0 
 0  0  0  0  0  0  0  1 
 0  0  0  1  0  0  0  0 
 0  0  0  0  0  1  0  0 
 0  0  0  0  0  0  0  0 
 1  0  0  0  1  0  0  0 
9 et 15
 0  0  1  0  0  0  0  0 
 0  0  0  0  0  0  0  0 
 1  1  0  0  1  0  0  0 
 0  0  0  0  0  0  0  0 
 0  0  0  0  0  0  0  0 
 0  1  0  0  0  0  0  0 
 1  0  0  0  0  0  0  0 
 0  0  0  0  0  0  0  0 
10 et 1
 0  1  0  0  0  0  0  0 
 0  1  0  0  0  0  0  0 
 0  0  1  0  0  1  0  0 
 0  0  0  0  0  0  0  0 
 0  0  0  0  0  0  0  0 
 0  0  0  0  0  0  0  1 
 0  0  0  0  0  0  0  0 
 0  0  1  0  0  0  0  0 
10 et 3
 0  0  0  0  0  0  0  0 
 0  0  0  0  0  0  0  1 
 1  0  0  1  0  0  0  0 
 0  0  0  0  0  0  0  0 
 1  0  0  0  1  0  0  0 
 0  0  0  0  0  0  0  0 
 0  0  0  0  0  0  0  1 
 0  0  0  0  0  0  0  0 
10 et 5
 0  0  0  0  0  0  0  0 
 0  0  0  0  0  0  0  0 
 0  0  0  0  0  0  0  0 
 1  0  0  0  0  1  1  0 
 0  0  0  0  0  1  0  0 
 0  0  0  0  0  0  1  0 
 0  0  0  1  0  0  0  0 
 0  0  0  0  0  0  0  0 
10 et 12
 0  0  1  0  0  0  0  0 
 0  0  0  0  0  0  0  0 
 0  0  0  0  0  0  0  0 
 0  0  0  0  0  0  0  0 
 0  0  0  0  0  0  0  0 
 0  0  1  0  0  0  0  0 
 0  0  0  0  0  1  0  1 
 0  0  1  0  0  0  0  1 
10 et 13
 0  0  0  0  0  0  0  0 
 0  0  1  0  0  0  0  0 
 0  0  0  0  0  0  0  0 
 1  0  0  0  0  0  0  0 
 0  0  0  0  1  0  0  0 
 0  0  0  0  0  1  0  0 
 0  1  0  0  0  0  1  0 
 0  0  0  0  0  0  0  0 
10 et 14
 0  0  1  0  0  0  0  0 
 0  0  0  0  0  0  0  1 
 0  0  0  0  0  0  0  0 
 0  0  1  0  0  0  0  0 
 0  0  0  0  0  0  0  0 
 0  0  0  0  0  0  0  0 
 0  1  0  0  0  0  0  0 
 0  0  1  1  0  0  0  0 
11 et 0
 0  0  0  0  0  0  0  1 
 0  0  1  0  0  0  0  0 
 0  0  0  0  0  0  0  0 
 0  0  0  0  0  0  0  0 
 0  0  0  0  1  0  0  1 
 0  0  0  0  0  0  0  0 
 0  0  0  0  0  0  0  0 
 0  1  0  0  0  0  0  1 
11 et 1
 0  0  0  0  0  0  0  0 
 0  0  0  0  0  1  0  0 
 1  0  0  0  0  1  0  0 
 0  0  0  0  0  0  0  0 
 0  0  0  0  0  0  0  1 
 1  0  0  0  0  0  0  0 
 0  0  0  0  0  0  0  0 
 0  0  0  0  0  0  1  0 
11 et 2
 0  0  0  1  0  1  0  1 
 0  0  0  0  0  0  0  0 
 0  0  0  0  0  0  0  0 
 0  0  0  0  0  0  0  0 
 0  0  0  0  0  0  0  0 
 0  0  0  0  0  0  0  0 
 0  0  1  0  1  0  0  1 
 0  0  0  0  0  0  0  0 
11 et 3
 0  0  0  0  0  0  1  0 
 0  0  0  0  0  0  1  0 
 0  0  0  0  0  0  0  0 
 0  0  0  0  0  0  0  0 
 0  0  0  1  0  0  0  0 
 0  0  0  0  0  0  1  0 
 1  0  0  0  0  0  0  0 
 0  0  0  0  1  0  0  0 
11 et 7
 0  0  0  0  0  0  0  1 
 0  0  0  1  0  0  0  0 
 0  0  0  0  0  0  1  0 
 0  0  0  0  0  1  0  0 
 0  0  0  0  0  0  0  0 
 0  0  1  0  0  0  0  0 
 0  0  0  0  1  0  0  0 
 0  0  0  0  0  0  0  0 
11 et 9
 0  0  0  0  0  0  0  0 
 0  0  0  0  0  0  1  0 
 1  0  0  0  0  0  0  0 
 0  0  1  0  0  1  0  0 
 0  0  0  0  0  0  0  0 
 0  1  0  0  0  0  0  0 
 0  1  0  0  0  0  0  0 
 0  0  0  0  0  0  0  0 
11 et 14
 0  0  0  0  0  0  0  0 
 1  0  0  0  0  0  0  0 
 0  0  0  0  0  0  1  0 
 0  0  1  0  0  0  0  0 
 0  0  1  0  0  1  0  0 
 0  0  0  0  0  0  0  1 
 0  0  0  0  0  0  0  0 
 0  0  0  0  0  0  0  0 
11 et 15
 0  0  0  0  0  0  0  0 
 0  0  1  0  0  0  0  0 
 1  0  0  1  0  0  0  0 
 0  0  0  0  1  0  0  0 
 0  0  0  0  0  0  0  0 
 0  0  0  0  0  0  0  0 
 0  0  0  1  0  0  1  0 
 0  0  0  0  0  0  0  0 
12 et 1
 0  0  0  0  0  0  0  0 
 0  0  0  0  0  0  1  0 
 0  0  0  0  0  0  0  0 
 0  1  0  0  1  1  0  0 
 0  0  0  0  0  0  0  1 
 0  0  0  0  0  0  0  0 
 0  0  0  0  0  0  0  0 
 0  1  0  0  0  0  0  0 
12 et 8
 0  0  0  0  0  0  0  0 
 0  0  0  0  0  0  1  0 
 0  0  0  0  0  0  1  0 
 0  0  0  0  0  0  0  0 
 0  0  0  1  0  0  0  1 
 0  0  0  0  0  0  0  0 
 0  0  0  1  0  0  0  0 
 0  0  1  0  0  0  0  0 
12 et 9
 0  0  0  0  0  0  0  0 
 0  0  0  0  0  0  0  0 
 0  0  0  0  0  0  0  0 
 1  0  0  0  1  0  0  0 
 1  0  0  1  0  0  0  0 
 0  0  0  0  0  0  0  1 
 0  0  0  0  0  0  0  0 
 0  0  0  0  1  0  0  0 
12 et 10
 0  0  0  0  0  0  0  0 
 0  0  0  0  0  0  0  0 
 1  0  0  0  0  1  0  1 
 0  0  0  0  0  0  0  0 
 0  0  0  0  0  0  0  0 
 0  0  0  0  0  0  1  0 
 0  0  0  0  0  0  0  0 
 0  0  0  0  0  0  1  1 
13 et 1
 0  0  0  1  0  0  0  0 
 1  0  0  0  0  0  0  0 
 0  0  0  0  0  0  0  0 
 0  0  0  0  0  0  0  0 
 0  1  0  0  0  0  0  0 
 0  0  0  0  0  1  1  0 
 1  0  0  0  0  0  0  0 
 0  0  0  0  0  0  0  0 
13 et 5
 0  0  0  0  0  0  0  0 
 0  0  1  0  0  0  0  0 
 0  0  1  0  0  0  0  0 
 0  0  0  0  0  1  1  0 
 0  0  0  0  1  0  0  1 
 0  0  0  0  0  0  0  0 
 0  0  0  0  0  0  0  0 
 0  0  0  0  0  0  0  0 
13 et 6
 0  0  1  0  0  0  0  0 
 0  0  0  0  0  0  0  0 
 0  0  0  0  0  0  0  0 
 0  0  0  0  0  1  0  0 
 1  0  0  0  0  0  0  0 
 0  0  0  0  0  0  1  0 
 1  0  0  0  0  0  0  0 
 0  0  0  0  0  0  1  0 
13 et 7
 0  1  0  0  0  0  0  0 
 0  0  0  0  0  0  0  0 
 0  0  1  0  0  0  0  0 
 1  0  0  0  0  0  0  0 
 0  0  0  0  0  0  0  0 
 0  1  0  0  0  0  0  0 
 0  0  0  1  0  0  0  0 
 0  0  0  0  0  0  0  1 
13 et 10
 0  0  0  1  0  0  0  0 
 0  0  0  0  0  0  1  0 
 0  1  0  0  0  0  0  0 
 0  0  0  0  0  0  0  0 
 0  0  0  0  1  0  0  0 
 0  0  0  0  0  1  0  0 
 0  0  0  0  0  0  1  0 
 0  0  0  0  0  0  0  0 
13 et 14
 0  0  0  0  0  0  0  0 
 0  0  0  0  0  0  0  0 
 0  1  0  0  0  0  0  0 
 0  0  0  0  0  0  1  0 
 1  0  0  0  0  0  0  0 
 0  0  0  1  0  0  0  0 
 0  0  0  0  1  0  0  1 
 0  0  0  0  0  0  0  0 
14 et 0
 0  0  0  0  0  0  0  0 
 0  0  0  0  1  1  0  0 
 0  0  1  0  0  0  0  1 
 1  0  0  0  0  0  0  0 
 0  0  0  0  0  0  0  0 
 0  0  0  0  0  0  0  0 
 0  0  0  0  0  0  0  0 
 0  1  0  0  0  0  0  0 
14 et 2
 0  0  0  0  0  0  0  0 
 0  0  1  0  0  0  0  0 
 0  0  0  0  0  0  1  0 
 0  0  1  0  0  0  0  0 
 0  0  0  1  0  0  0  0 
 0  0  0  0  0  0  0  1 
 0  1  0  0  0  0  0  0 
 0  0  0  0  0  0  0  0 
14 et 3
 0  1  1  0  0  0  0  0 
 0  0  0  0  0  0  0  0 
 0  0  0  0  0  0  0  0 
 0  0  0  0  0  0  0  0 
 0  0  0  0  0  0  1  1 
 0  0  1  0  0  0  0  0 
 0  0  0  0  0  0  0  0 
 0  0  0  0  0  1  0  0 
14 et 5
 0  0  0  0  0  0  0  0 
 0  0  0  0  0  0  0  0 
 1  0  0  0  0  1  0  1 
 0  0  0  0  0  0  0  0 
 0  1  0  0  0  0  0  0 
 0  1  0  0  0  0  0  0 
 0  0  0  0  0  0  0  1 
 0  0  0  0  0  0  0  0 
14 et 6
 1  0  0  0  0  1  0  0 
 0  0  0  0  0  0  0  0 
 0  0  0  0  0  0  1  0 
 1  0  0  0  0  0  0  1 
 1  0  0  0  0  0  0  0 
 0  0  0  0  0  0  0  0 
 0  0  0  0  0  0  0  0 
 0  0  0  0  0  0  0  0 
14 et 9
 1  0  0  0  0  0  0  1 
 0  0  0  0  0  0  0  0 
 0  0  0  0  0  0  0  0 
 0  0  0  0  1  0  0  0 
 0  0  0  0  0  0  0  1 
 0  0  0  0  0  1  0  0 
 0  0  0  0  0  0  0  0 
 0  0  0  1  0  0  0  0 
14 et 10
 0  0  0  0  0  0  0  0 
 0  0  0  0  0  0  1  0 
 1  0  0  1  0  0  0  1 
 0  0  0  0  0  0  0  1 
 0  0  0  0  0  0  0  0 
 0  0  0  0  0  0  0  0 
 0  0  0  0  0  0  0  0 
 0  1  0  0  0  0  0  0 
14 et 11
 0  1  0  0  0  0  0  0 
 0  0  0  0  0  0  0  0 
 0  0  0  1  1  0  0  0 
 0  0  0  0  0  0  0  0 
 0  0  0  0  0  0  0  0 
 0  0  0  0  1  0  0  0 
 0  0  1  0  0  0  0  0 
 0  0  0  0  0  1  0  0 
14 et 13
 0  0  0  0  1  0  0  0 
 0  0  1  0  0  0  0  0 
 0  0  0  0  0  0  0  0 
 0  0  0  0  0  1  0  0 
 0  0  0  0  0  0  1  0 
 0  0  0  0  0  0  0  0 
 0  0  0  1  0  0  0  0 
 0  0  0  0  0  0  1  0 
15 et 1
 0  0  0  1  0  0  0  0 
 0  0  0  1  0  0  1  0 
 0  0  0  0  0  0  0  0 
 0  0  0  0  0  0  0  0 
 0  0  0  0  0  0  0  0 
 0  0  0  0  0  0  0  0 
 0  0  0  0  0  0  0  0 
 1  1  0  0  0  0  0  1 
15 et 5
 0  0  0  0  0  0  0  0 
 1  0  0  0  0  1  0  0 
 0  0  0  0  0  0  0  0 
 0  0  1  0  0  0  0  0 
 0  0  0  1  0  0  0  0 
 0  0  0  0  0  0  0  1 
 0  0  0  0  1  0  0  0 
 0  0  0  0  0  0  0  0 
15 et 6
 0  0  0  0  0  0  0  1 
 1  1  0  0  0  0  1  0 
 0  0  0  0  0  0  0  0 
 0  0  0  0  0  0  0  0 
 0  0  0  0  0  0  0  0 
 0  0  0  0  0  0  0  1 
 0  0  0  0  0  1  0  0 
 0  0  0  0  0  0  0  0 
15 et 8
 0  0  1  0  0  0  0  0 
 0  0  0  1  0  0  0  0 
 0  0  0  0  1  0  0  0 
 0  0  0  0  0  0  0  0 
 0  0  0  0  0  1  0  0 
 0  0  0  0  0  0  0  0 
 0  0  1  0  0  0  1  0 
 0  0  0  0  0  0  0  0 
15 et 9
 0  0  1  0  0  0  1  0 
 0  0  1  0  0  1  0  0 
 1  0  0  0  0  0  0  0 
 0  0  0  0  0  0  0  0 
 0  0  1  0  0  0  0  0 
 0  0  0  0  0  0  0  0 
 0  0  0  0  0  0  0  0 
 0  0  0  0  0  0  0  0 
15 et 11
 0  0  1  0  0  0  0  0 
 0  0  0  0  0  0  0  0 
 0  1  0  0  0  0  0  0 
 0  0  1  0  0  0  1  0 
 0  0  0  1  0  0  0  0 
 0  0  0  0  0  0  0  0 
 0  0  0  0  0  0  1  0 
 0  0  0  0  0  0  0  0 

*************************************** BT ***************************************
*************************************** FC ***************************************
**************RFL**************
tab order 0
pas de solution
RFL : Incorrect!

*****************************BIGMAC***************************
pas de solutions
